0.05,0,1,2,3,4,5,6,7,8,9,10,11,12,13,14,15,16,17,18,19,20,21,22,23,24,25,26,27,28,29,30,31,32,33,34,35,36,37,38,39,40,41,42,43,44,45,46,47,48,49
0,1.0,0.9827885318751025,0.9957337174271121,0.9970145927370595,0.9824768799762458,0.9979409204564132,0.9955569601231408,0.9936678631571436,0.9958936736985058,0.9975503669911348,0.9958945307606337,0.9846093419442454,0.9866323025932044,0.9841267359958256,0.9836228763858458,0.9922567263023431,0.9661194947721214,0.957122323798063,0.9710945238463674,0.964718346654585,0.9850376850198258,0.9946670936483071,0.9963282871735847,0.9932228953904879,0.9970245763909247,0.9842188543175928,0.988904506843758,0.982227000556128,0.9827748228889486,0.9843719428202818,0.9950067501615742,0.9887012172091161,0.9875936672527934,0.9836646363695349,0.983771267544211,0.9938212334261073,0.9879647176947479,0.9889248646007353,0.9926032258743838,0.9884539227511646,0.9984402553939163,0.9968131205007587,0.9978761543663874,0.9963399141861549,0.99505663415011,0.9930057559200196,0.9873469107108752,0.9860795559184188,0.985469766366452,0.9842801379272108
1,0.9827885318751025,0.9999999999999999,0.9937688610408589,0.9924276344557557,0.9917825496149324,0.9867082573445101,0.9879535998820121,0.9924345221432993,0.9810471659091109,0.9860037040927269,0.9911987945590404,0.9648601738648231,0.9663123485604668,0.9626893342883467,0.9616426068367269,0.9639907724035695,0.9480354373213296,0.9408201465375015,0.9508926776732819,0.9468963613289593,0.9767060538663832,0.9833621727054322,0.9785657562814304,0.9777872603018186,0.9839171162736464,0.9736709403202547,0.9748560073166789,0.9737245953417902,0.9650129277362879,0.9748661257065878,0.9805330617714749,0.9831491389458775,0.9778994584123668,0.9781050657351404,0.9751964711469087,0.9783434985653174,0.9662395498525194,0.9725841534763874,0.9677241144011005,0.9659318850120703,0.9839520303463218,0.9755500728119044,0.9806910593662482,0.9805564195168915,0.9817917773586773,0.9580293917801677,0.9494084028501621,0.9453067106789028,0.9412408043192031,0.9391964993460541
2,0.9957337174271121,0.9937688610408589,1.0,0.9996719730422732,0.9936903896830195,0.9971094528390454,0.996218477800159,0.9974274546314958,0.9930983483264526,0.995948313188247,0.9981391235285911,0.9784356828740188,0.980439584867774,0.9762634463422352,0.9753714763962176,0.9819611028435425,0.9607468363093684,0.9512518179170858,0.9645988403843176,0.9590178734302875,0.9857328007594414,0.9933570842245296,0.9914429724641326,0.9903756358135615,0.9960189421527291,0.9811554864107948,0.9856099355148852,0.9807994987567339,0.9774408815307363,0.9829395949218624,0.9914839719365087,0.9881406840029199,0.985167386565918,0.9827557063429043,0.9814564473291608,0.99135502766275,0.9818378259139113,0.9859134197888277,0.9851213171772042,0.9828308406639003,0.9957483819801848,0.9899709305970129,0.9932006122510192,0.9918270510867697,0.9918937134532619,0.9798722219133261,0.971152525041444,0.9690786244664986,0.9671926439724301,0.9653433499275094
3,0.9970145927370595,0.9924276344557557,0.9996719730422732,1.0,0.9914779963805376,0.9973788883569593,0.9962427801418093,0.9971053405557296,0.9946214403164133,0.9964752391860641,0.9980325174241678,0.9794945201339316,0.9817501678351648,0.9778072613006129,0.9770604516608308,0.9843397187002411,0.9618931960412265,0.952948182571593,0.9660331669016001,0.9604233683528667,0.98619109990126,0.9939492731149584,0.9932900721600149,0.9915841091315033,0.9965378046551086,0.9822252953925825,0.9863347787759326,0.9814094648029665,0.9784530924144846,0.9833474060888588,0.9931319083614306,0.989813628919553,0.9869338522642703,0.9842419499585284,0.9833910174841806,0.9926906211798054,0.9837059288893952,0.9873432509794015,0.9872009668906054,0.9845216666411798,0.99719207414217,0.9921441075769446,0.9950731996480263,0.993461915408485,0.9934224213637461,0.9826562696911447,0.9748752391999663,0.9726862937777403,0.9712486402698234,0.9692860282182302
4,0.9824768799762458,0.9917825496149324,0.9936903896830195,0.9914779963805376,1.0,0.9884868391427928,0.9875846213510776,0.9926701155500938,0.9783239436200313,0.9869499070710386,0.990096614387687,0.9670121573112809,0.9682042477023621,0.9620364563587479,0.961076521785599,0.9606921917731763,0.9380629375836735,0.9240606278572372,0.9409537264272166,0.934307977446179,0.9693519014319133,0.9824383977780745,0.9742702951416066,0.9730155062256356,0.9854656168503027,0.9615251578498917,0.9726992600084609,0.9651372603285642,0.9601756625371216,0.970262333289717,0.9724335939180851,0.9688249068356283,0.9639218804530034,0.9613808387577508,0.9581282721398052,0.9739940889221516,0.9599013944830279,0.9659320247843765,0.9642302972216201,0.9630858754962723,0.9807469171067322,0.9694860325661679,0.9762000385745337,0.976566948400579,0.9745340245843004,0.9585906841405928,0.9459064808008775,0.9444442231189317,0.9403413565910929,0.9397656431938746
5,0.9979409204564132,0.9867082573445101,0.9971094528390454,0.9973788883569593,0.9884868391427928,1.0,0.998251915650009,0.9978491047685222,0.9958408926240363,0.9991105108944472,0.9982957429965404,0.9881074334866148,0.9893755216520798,0.9855617450281426,0.9850030447869167,0.9904623757839619,0.9686540595094941,0.9575178331888167,0.97220772437972,0.965665150697061,0.9866090267267188,0.9952084929164198,0.9940468254396695,0.9930649627694201,0.9976685801144363,0.9829392269794291,0.9897229068738687,0.9821982894251142,0.9837341144072486,0.9858572879459061,0.9928754069446714,0.9853053364624131,0.984847453863574,0.9808966437201619,0.9793153140481954,0.9920921301929256,0.9870762886892569,0.9880258176826617,0.9904939589662556,0.9879792739845319,0.9965481007545846,0.9924618113270959,0.9957243573124007,0.9932018667399098,0.9929603519936883,0.9885047516855411,0.9781373682875841,0.9769686886891313,0.9767383092190278,0.9752915898747229
6,0.9955569601231408,0.9879535998820121,0.996218477800159,0.9962427801418093,0.9875846213510776,0.998251915650009,1.0,0.9970760212863063,0.9951334426988527,0.9975634771020457,0.9970199821727089,0.9808255770901735,0.9825782394359218,0.9777450399347604,0.9772564685271189,0.9871345098712819,0.9716484377579258,0.9627873964828765,0.9742875847144871,0.9691813392539701,0.9895340678524269,0.9919916146492324,0.992264299043631,0.9920517950557028,0.9948306445498818,0.9840593167885708,0.9875204714292196,0.9821121797052401,0.9817066988581393,0.9842145347890058,0.9920234964632303,0.9848553576400523,0.9838145243196099,0.9815265509220583,0.9794369862288167,0.9923664298904475,0.9867568760136644,0.9886021902426742,0.9880272540424818,0.986823839895468,0.9946292405227997,0.9905049967366044,0.9940029858898491,0.9905613450455202,0.9921908234591547,0.9846166023238538,0.9742661845970546,0.9725345043149679,0.9720903508905676,0.9699069997513855
7,0.9936678631571436,0.9924345221432993,0.9974274546314958,0.9971053405557296,0.9926701155500938,0.9978491047685222,0.9970760212863063,1.0,0.9934454074608255,0.9974204843854448,0.9974495825630665,0.9847202989417037,0.9860996200866257,0.9809942618603514,0.9808646997775511,0.9829334608960637,0.9635708683225728,0.9527411085902489,0.9666948777037074,0.9603948413416942,0.9846290671640312,0.9922564044891367,0.9888888943090107,0.9892148900587545,0.9946771221312867,0.9773823609606966,0.9839612671880055,0.9770504175256187,0.9765629952383765,0.9810959590618051,0.9891348453144015,0.9842782323902288,0.9821307957291681,0.9794741425874312,0.9766325939743985,0.9883949627458064,0.981674322663273,0.9838663690249683,0.9838266916514103,0.9821063133476483,0.9934497532514616,0.9865781896964796,0.9916818294225718,0.9885257766464962,0.9890897818210509,0.9781186387606258,0.9657602871319064,0.963659452417622,0.9634031491908994,0.961405485732168
8,0.9958936736985058,0.9810471659091109,0.9930983483264526,0.9946214403164133,0.9783239436200313,0.9958408926240363,0.9951334426988527,0.9934454074608255,1.0,0.9948789577171854,0.9956739802278811,0.9860159742131188,0.9882248469557593,0.9843000921013573,0.9842345995011694,0.9944147833629928,0.9785774310145937,0.971008424087648,0.9823142332499524,0.9771883555852914,0.9920894444243744,0.9925845803788866,0.9952868649835067,0.9960738618316266,0.9952457394066032,0.9871747199310473,0.9889586510106105,0.9841544982271322,0.9859528819619737,0.9860781998165955,0.9973915824675732,0.9911879225977651,0.9920486523043938,0.9883426751587923,0.9876138230000855,0.9950357030696436,0.9933236127831596,0.9930089249098902,0.9945834108126321,0.9919807105581185,0.997851556640729,0.9960953258934178,0.9982844818050071,0.99334112439004,0.9963932147433959,0.98959570106282,0.9785638180858325,0.9778033717854786,0.9799168734704888,0.9762174740941157
9,0.9975503669911348,0.9860037040927269,0.995948313188247,0.9964752391860641,0.9869499070710386,0.9991105108944472,0.9975634771020457,0.9974204843854448,0.9948789577171854,0.9999999999999998,0.9965064485274344,0.9869059220091042,0.9884268481245831,0.98424465396095,0.9838464951039165,0.9892736199609166,0.9640007379142054,0.9532917444627153,0.9682749744462484,0.9613963789801975,0.9839722051764046,0.9944459830439248,0.9935327514166084,0.9919873159131594,0.996798087919583,0.9794552001392717,0.9875081949766206,0.9786462107001427,0.9801777142088591,0.9833001739479345,0.9920397536488248,0.9851907932132623,0.9840466935016143,0.9803924574010654,0.9786493773656981,0.9917380049882526,0.9861536260026594,0.9870940441239175,0.9902036134190753,0.9876653188460699,0.9961809681800382,0.9920560211699414,0.9947429048770002,0.9923290490189719,0.9909532090574686,0.9881614740834743,0.9790385319630105,0.9773181115611903,0.9775329318857642,0.9761718387983906
10,0.9958945307606337,0.9911987945590404,0.9981391235285911,0.9980325174241678,0.990096614387687,0.9982957429965404,0.9970199821727089,0.9974495825630665,0.9956739802278811,0.9965064485274344,1.0,0.9849955709907092,0.9860803783268357,0.9829193547119951,0.9817548983099187,0.987655445523423,0.9699241592358372,0.9598740562620213,0.9730298092196706,0.9674784723337818,0.9890492668612791,0.9959957890753189,0.9938084496303365,0.9931341464026734,0.9973835902423208,0.987775206499144,0.9920978520348334,0.9878072206444133,0.9865600658605693,0.9904226160385445,0.9937052982383722,0.9887528338534581,0.988187663344479,0.9845559217900353,0.9831837794570865,0.9912541469693341,0.9855292663430733,0.9877133935241607,0.9883500281951323,0.9858707603742626,0.9960062488903721,0.9914669585826847,0.9951028365896546,0.993915982109319,0.9948464937184265,0.9839546514326958,0.9730250371493796,0.9718818117877313,0.9701729001985773,0.9681658121547772
11,0.9846093419442454,0.9648601738648231,0.9784356828740188,0.9794945201339316,0.9670121573112809,0.9881074334866148,0.9808255770901735,0.9847202989417037,0.9860159742131188,0.9869059220091042,0.9849955709907092,1.0,0.9994238823820807,0.998366967410851,0.998425692323484,0.9903576248946068,0.9636275868764286,0.9487144496828711,0.9678859908961547,0.9585649701073146,0.9683659553057073,0.9842256408942733,0.980940927684321,0.9817851454232834,0.9849579176269226,0.970093998899987,0.9821372300798313,0.9711419316473653,0.9809699915867046,0.9779342353602755,0.9813630390200113,0.9711246485717738,0.9754955135139531,0.9674580044922079,0.9656597938220415,0.9737900218800278,0.9780621361577405,0.9729124814176499,0.9834072397985423,0.9776541232748233,0.9836191772088596,0.9813895002410465,0.9852780681746176,0.9816479514293959,0.9815061171569188,0.9834086301963233,0.967945484338278,0.9690221180049792,0.9723638522724716,0.9707839226464761
12,0.9866323025932044,0.9663123485604668,0.980439584867774,0.9817501678351648,0.9682042477023621,0.9893755216520798,0.9825782394359218,0.9860996200866257,0.9882248469557593,0.9884268481245831,0.9860803783268357,0.9994238823820807,0.9999999999999999,0.9982982075608394,0.9985751421148754,0.9917825698855639,0.9651328369315715,0.9511693176813943,0.9696787558038646,0.9606285254296394,0.970429505883323,0.9850016454389898,0.9830865749130551,0.983557145592998,0.9861061402077506,0.9709564333818863,0.981747921236959,0.9713309887193232,0.9805333574755556,0.9773945756301342,0.9835915138583893,0.97393930488562,0.9774391285208659,0.9699134264727487,0.9684382449880716,0.9763823123472368,0.9801257545984698,0.9752664696431669,0.9850574777646925,0.979466752095607,0.9859932617771577,0.9838280000734101,0.9876598732100605,0.9830743015486729,0.9835405310837987,0.9849333096163425,0.9706803612106718,0.9709759113075539,0.974842184604005,0.9729033248644633
13,0.9841267359958256,0.9626893342883467,0.9762634463422352,0.9778072613006129,0.9620364563587479,0.9855617450281426,0.9777450399347604,0.9809942618603514,0.9843000921013573,0.98424465396095,0.9829193547119951,0.998366967410851,0.9982982075608394,1.0,0.9996171414821615,0.9909163072271198,0.9623078256957154,0.9488020470698706,0.9672709431391415,0.9581814496231302,0.965494210157892,0.9829250393159503,0.9809915905567677,0.9797742952469007,0.9826103368811454,0.9731050929339152,0.9825066616828847,0.9737652727124118,0.9824335500888548,0.9789453313046002,0.9814478289939655,0.9725987245212608,0.9769334829291079,0.9682464503450926,0.9681858507975925,0.9712069081825714,0.9757497355652591,0.9704635733349163,0.9821017534077779,0.974428492878986,0.9828880843619983,0.9826052877586827,0.9856274025718734,0.9831644231927116,0.9832619605417563,0.9846340784760886,0.9721659688909046,0.9731935558516642,0.9757704698549893,0.9741557788330488
14,0.9836228763858458,0.9616426068367269,0.9753714763962176,0.9770604516608308,0.961076521785599,0.9850030447869167,0.9772564685271189,0.9808646997775511,0.9842345995011694,0.9838464951039165,0.9817548983099187,0.998425692323484,0.9985751421148754,0.9996171414821615,0.9999999999999998,0.9906537500576057,0.9623406235495888,0.9491372740834241,0.9673568305617876,0.9582143693852707,0.9648173198270293,0.9813516869086837,0.9799703193187259,0.9789023175815303,0.9814180930414755,0.9705995787764717,0.9796740581650385,0.9706150857211714,0.9798128968802545,0.9757080895577362,0.9807373610131606,0.9718404143361364,0.975820922315531,0.967594657841321,0.9671144611099275,0.970705199741803,0.9754224167364582,0.9695942619691011,0.98121095825334,0.9735136051948833,0.9823879038147048,0.9820463603922278,0.9853392888934004,0.9817152286715086,0.9821386817367335,0.9837231228883863,0.9711423575027459,0.971932161791853,0.975287819995675,0.9736162924445312
15,0.9922567263023431,0.9639907724035695,0.9819611028435425,0.9843397187002411,0.9606921917731763,0.9904623757839619,0.9871345098712819,0.9829334608960637,0.9944147833629928,0.9892736199609166,0.987655445523423,0.9903576248946068,0.9917825698855639,0.9909163072271198,0.9906537500576057,0.9999999999999998,0.9807836208175577,0.9723925651189711,0.9850676999813798,0.9788544432137566,0.9845958524370282,0.9879976939295227,0.9927174460924906,0.9927956449507289,0.9895940166743982,0.9857505296455279,0.9877674436858594,0.9817932299496485,0.9887098828825657,0.9835775123356486,0.9941593408668219,0.9840808205946989,0.9883248577387524,0.982563059163627,0.9829104355114667,0.989068441083797,0.993350413467244,0.9891759806398581,0.9958584576482362,0.9913142594024102,0.9926596793467104,0.9953861097860066,0.9956314630645662,0.9905655982182747,0.9930472600722025,0.996069638866847,0.9860234711594651,0.9864907332229144,0.9901707041631558,0.9869817839360776
16,0.9661194947721214,0.9480354373213296,0.9607468363093684,0.9618931960412265,0.9380629375836735,0.9686540595094941,0.9716484377579258,0.9635708683225728,0.9785774310145937,0.9640007379142054,0.9699241592358372,0.9636275868764286,0.9651328369315715,0.9623078256957154,0.9623406235495888,0.9807836208175577,0.9999999999999999,0.9971165834039691,0.9990683182149847,0.9989590618215606,0.9884017964074763,0.9657308916640038,0.9722675259494874,0.979119138033656,0.9667888250495967,0.9788723695728337,0.9660258142307596,0.9686212327921495,0.974649356330602,0.9661063995239692,0.978272344782675,0.9677637224272233,0.9739847198802157,0.9732387787185252,0.9710880164957316,0.9728426653290426,0.9838039809577759,0.9793716712066822,0.9742917947900205,0.9756220626467333,0.9698364311405692,0.9727641438183539,0.9753205536329371,0.963070185777647,0.9763775683230393,0.9664218318844311,0.9486562253114931,0.9487702616731037,0.9543101019333994,0.9473482615705404
17,0.957122323798063,0.9408201465375015,0.9512518179170858,0.952948182571593,0.9240606278572372,0.9575178331888167,0.9627873964828765,0.9527411085902489,0.971008424087648,0.9532917444627153,0.9598740562620213,0.9487144496828711,0.9511693176813943,0.9488020470698706,0.9491372740834241,0.9723925651189711,0.9971165834039691,0.9999999999999999,0.996695702517766,0.998830180876157,0.9845882980501827,0.9554588319914584,0.964953416884872,0.9727304475485379,0.9559981512550041,0.9742818676312125,0.9545372676418488,0.9609366770439395,0.9641799594219722,0.9557723558811633,0.9734547744152695,0.9662494383526871,0.971478657972461,0.9734379360932854,0.9716348786149537,0.9673732550181751,0.9786697743183521,0.974688907302333,0.9666475925893552,0.9682680860139711,0.9625760297700712,0.9671502448715062,0.9682017893513732,0.9544907057058899,0.97037370133399,0.9566167736197418,0.9426314802544279,0.9405548438428982,0.9467356195486876,0.938496265718863
18,0.9710945238463674,0.9508926776732819,0.9645988403843176,0.9660331669016001,0.9409537264272166,0.97220772437972,0.9742875847144871,0.9666948777037074,0.9823142332499524,0.9682749744462484,0.9730298092196706,0.9678859908961547,0.9696787558038646,0.9672709431391415,0.9673568305617876,0.9850676999813798,0.9990683182149847,0.996695702517766,1.0,0.9990961085518005,0.9897044519257675,0.9695926609310649,0.9762667897691484,0.9829252529341098,0.970843605179138,0.9805802674826292,0.9685313395499727,0.9701584788577675,0.9762001612089671,0.9680889786732038,0.9826258415059438,0.9730954786409534,0.9788526278787403,0.9781052914023264,0.9765844750148034,0.976962538027172,0.9874223415946084,0.9828985410398327,0.9789595648882818,0.9794354167050866,0.974820982068859,0.9780335353831544,0.9795875347688654,0.9678262979039013,0.9799445401710332,0.971546533539049,0.9560274264565413,0.9555346143310188,0.9612974455605261,0.9545153881442218
19,0.964718346654585,0.9468963613289593,0.9590178734302875,0.9604233683528667,0.934307977446179,0.965665150697061,0.9691813392539701,0.9603948413416942,0.9771883555852914,0.9613963789801975,0.9674784723337818,0.9585649701073146,0.9606285254296394,0.9581814496231302,0.9582143693852707,0.9788544432137566,0.9989590618215606,0.998830180876157,0.9990961085518005,1.0,0.9882370258788001,0.9633220958109395,0.9711835845112602,0.9785511408609288,0.9643566044599706,0.9779499118474264,0.9622002980235829,0.9660328327050808,0.9706195522565001,0.9627045799354051,0.978535762919832,0.9701054652345517,0.9756943162518633,0.9763174996620192,0.9746028342497297,0.972822411683625,0.9834820022665016,0.9794356173503592,0.9731966795310545,0.9745356734005606,0.9693435631848943,0.9728936570955087,0.9741445647165866,0.9612747698901652,0.9754464208904489,0.9640656183964184,0.9489973796396388,0.9477854138086639,0.9536840648796556,0.9460971444504537
20,0.9850376850198258,0.9767060538663832,0.9857328007594414,0.98619109990126,0.9693519014319133,0.9866090267267188,0.9895340678524269,0.9846290671640312,0.9920894444243744,0.9839722051764046,0.9890492668612791,0.9683659553057073,0.970429505883323,0.965494210157892,0.9648173198270293,0.9845958524370282,0.9884017964074763,0.9845882980501827,0.9897044519257675,0.9882370258788001,0.9999999999999998,0.9862290539527574,0.9894834907207943,0.994734577859815,0.9882008301184645,0.9864949354682342,0.9792596251269223,0.9793517177047588,0.9784905139322394,0.9790925861064234,0.9930532577388373,0.9877211199301804,0.9892264841096239,0.9896667415267948,0.9875329980755707,0.9934348958893746,0.993635534655607,0.9952259179665064,0.987885715348033,0.9905929744337375,0.989403006440512,0.9874441487769475,0.9890505855319495,0.980875940760647,0.9890677229682169,0.9758070445819169,0.9629943230949177,0.9601776831659277,0.9630074786011248,0.9571181145325185
21,0.9946670936483071,0.9833621727054322,0.9933570842245296,0.9939492731149584,0.9824383977780745,0.9952084929164198,0.9919916146492324,0.9922564044891367,0.9925845803788866,0.9944459830439248,0.9959957890753189,0.9842256408942733,0.9850016454389898,0.9829250393159503,0.9813516869086837,0.9879976939295227,0.9657308916640038,0.9554588319914584,0.9695926609310649,0.9633220958109395,0.9862290539527574,1.0,0.9964851006135779,0.994502402698148,0.9984789773908195,0.9849471091676675,0.9909388101104858,0.9854205596976656,0.9849186107248279,0.9898797465268466,0.9928259052598685,0.9884891601244252,0.9883644442252381,0.9842744141669804,0.9836393934891554,0.9904028666582114,0.9861039447429718,0.9881203939976398,0.9898629282547576,0.9875257883485368,0.9949445298043008,0.991588247869573,0.9927943693556973,0.993011806535331,0.9920142101206644,0.9865001881509503,0.9779004900000561,0.9764805570897612,0.975311527001469,0.9734847021648518
22,0.9963282871735847,0.9785657562814304,0.9914429724641326,0.9932900721600149,0.9742702951416066,0.9940468254396695,0.992264299043631,0.9888888943090107,0.9952868649835067,0.9935327514166084,0.9938084496303365,0.980940927684321,0.9830865749130551,0.9809915905567677,0.9799703193187259,0.9927174460924906,0.9722675259494874,0.964953416884872,0.9762667897691484,0.9711835845112602,0.9894834907207943,0.9964851006135779,1.0,0.996679145496382,0.9966592656244011,0.9883573639612004,0.989909300409703,0.9859724250052476,0.9858873563603103,0.9879298468610852,0.9967346980977445,0.991812308120326,0.9919095540909462,0.9883046506568998,0.9887608038213274,0.9948905206065761,0.9918114529509905,0.9928376959941753,0.9943717577817848,0.9918797937435029,0.9972973297131,0.9968873400240961,0.9966562180785036,0.9943287251600524,0.9951593396501603,0.9919220039297809,0.9866864854883391,0.984320390469014,0.9848779478515856,0.9822396272746182
23,0.9932228953904879,0.9777872603018186,0.9903756358135615,0.9915841091315033,0.9730155062256356,0.9930649627694201,0.9920517950557028,0.9892148900587545,0.9960738618316266,0.9919873159131594,0.9931341464026734,0.9817851454232834,0.983557145592998,0.9797742952469007,0.9789023175815303,0.9927956449507289,0.979119138033656,0.9727304475485379,0.9829252529341098,0.9785511408609288,0.994734577859815,0.994502402698148,0.996679145496382,1.0,0.9956598111722581,0.9856984335170176,0.9857807291987917,0.9813665715434956,0.9826572773489005,0.983862806649449,0.9979905132429076,0.9928781623742468,0.99452814753092,0.9925284171875044,0.991386606589207,0.9975169447562854,0.997363921522923,0.9980117038712056,0.9968283698670579,0.9969211698018423,0.9967963210546062,0.9950997135566797,0.9948522152063423,0.989006560536311,0.9929283573414416,0.9875026369939878,0.9782896140080719,0.9749016083401295,0.9784405809305614,0.9738443572577753
24,0.9970245763909247,0.9839171162736464,0.9960189421527291,0.9965378046551086,0.9854656168503027,0.9976685801144363,0.9948306445498818,0.9946771221312867,0.9952457394066032,0.996798087919583,0.9973835902423208,0.9849579176269226,0.9861061402077506,0.9826103368811454,0.9814180930414755,0.9895940166743982,0.9667888250495967,0.9559981512550041,0.970843605179138,0.9643566044599706,0.9882008301184645,0.9984789773908195,0.9966592656244011,0.9956598111722581,1.0,0.983520598146894,0.9904333333988168,0.9833546851762287,0.9840207439256995,0.9877583364415488,0.9940877937951682,0.9878779066318271,0.9877201451265192,0.9834587175712042,0.9827518533019393,0.9939937524782329,0.9887415673521769,0.9908321867650072,0.9925607160844037,0.9907392227078172,0.997203705104683,0.9934800072583404,0.9949462704208736,0.9936658923644318,0.9927541567989802,0.9886099349078503,0.9790219964636612,0.977926296034067,0.9775635692547977,0.9757172661741093
25,0.9842188543175928,0.9736709403202547,0.9811554864107948,0.9822252953925825,0.9615251578498917,0.9829392269794291,0.9840593167885708,0.9773823609606966,0.9871747199310473,0.9794552001392717,0.987775206499144,0.970093998899987,0.9709564333818863,0.9731050929339152,0.9705995787764717,0.9857505296455279,0.9788723695728337,0.9742818676312125,0.9805802674826292,0.9779499118474264,0.9864949354682342,0.9849471091676675,0.9883573639612004,0.9856984335170176,0.983520598146894,0.9999999999999999,0.9930529955216775,0.997714950947856,0.9949413091161156,0.9942946236830615,0.9901447801261092,0.9856202666599605,0.9885869632447977,0.9840257190372391,0.9857498098792205,0.9819553495564013,0.9812726561263079,0.9820178825579116,0.9828804536025665,0.9778823399690866,0.9853652681503221,0.9884805350974403,0.9892713541171878,0.9901435821188105,0.9950662642655709,0.981997319585771,0.9740333778559641,0.9749671738142466,0.9712842307433047,0.9682297465698745
26,0.988904506843758,0.9748560073166789,0.9856099355148852,0.9863347787759326,0.9726992600084609,0.9897229068738687,0.9875204714292196,0.9839612671880055,0.9889586510106105,0.9875081949766206,0.9920978520348334,0.9821372300798313,0.981747921236959,0.9825066616828847,0.9796740581650385,0.9877674436858594,0.9660258142307596,0.9545372676418488,0.9685313395499727,0.9622002980235829,0.9792596251269223,0.9909388101104858,0.989909300409703,0.9857807291987917,0.9904333333988168,0.9930529955216775,0.9999999999999998,0.9964862327814987,0.9971902389970866,0.9986476708615387,0.9878420283407345,0.979641117318319,0.9832097430083295,0.9747583464956354,0.9760428446844035,0.9818744505511049,0.9793275512090386,0.9796819985519535,0.9864472017313514,0.9808460533849641,0.9877625493204973,0.9880666343162156,0.9900843372042871,0.9943751528924283,0.9929013854013498,0.988391496475561,0.9778983647819528,0.9807257671211309,0.9763743119585833,0.9756787709081648
27,0.982227000556128,0.9737245953417902,0.9807994987567339,0.9814094648029665,0.9651372603285642,0.9821982894251142,0.9821121797052401,0.9770504175256187,0.9841544982271322,0.9786462107001427,0.9878072206444133,0.9711419316473653,0.9713309887193232,0.9737652727124118,0.9706150857211714,0.9817932299496485,0.9686212327921495,0.9609366770439395,0.9701584788577675,0.9660328327050808,0.9793517177047588,0.9854205596976656,0.9859724250052476,0.9813665715434956,0.9833546851762287,0.997714950947856,0.9964862327814987,0.9999999999999999,0.996711376794331,0.9981070932008366,0.9854891486493523,0.9805094708062682,0.983567032380373,0.9765716152557256,0.9787631488410425,0.9767586973900599,0.9742979285667521,0.9757349398397049,0.9792367337291438,0.9730544111847935,0.9824993057123484,0.9844795534150783,0.9860889449505804,0.9907404982138798,0.9926906453889164,0.9802829101181552,0.9713664769756029,0.9736747865694652,0.9679326580920881,0.966125470772005
28,0.9827748228889486,0.9650129277362879,0.9774408815307363,0.9784530924144846,0.9601756625371216,0.9837341144072486,0.9817066988581393,0.9765629952383765,0.9859528819619737,0.9801777142088591,0.9865600658605693,0.9809699915867046,0.9805333574755556,0.9824335500888548,0.9798128968802545,0.9887098828825657,0.974649356330602,0.9641799594219722,0.9762001612089671,0.9706195522565001,0.9784905139322394,0.9849186107248279,0.9858873563603103,0.9826572773489005,0.9840207439256995,0.9949413091161156,0.9971902389970866,0.996711376794331,1.0,0.9969709898074057,0.9851623252811832,0.9753120516420501,0.9810222447847292,0.972256677138871,0.9738222818947749,0.9764725700119751,0.9784916726868657,0.9767016489358451,0.9835599789847224,0.9772624363359237,0.9822116304701277,0.9850972699427826,0.9871536751609663,0.9894055805265546,0.9913438340192683,0.9863882501085972,0.973555792125127,0.977759705386199,0.9745300364197282,0.9729102274480735
29,0.9843719428202818,0.9748661257065878,0.9829395949218624,0.9833474060888588,0.970262333289717,0.9858572879459061,0.9842145347890058,0.9810959590618051,0.9860781998165955,0.9833001739479345,0.9904226160385445,0.9779342353602755,0.9773945756301342,0.9789453313046002,0.9757080895577362,0.9835775123356486,0.9661063995239692,0.9557723558811633,0.9680889786732038,0.9627045799354051,0.9790925861064234,0.9898797465268466,0.9879298468610852,0.983862806649449,0.9877583364415488,0.9942946236830615,0.9986476708615387,0.9981070932008366,0.9969709898074057,1.0,0.9858007775148779,0.9796531689039327,0.983155415836816,0.9753661016655563,0.9765806021493237,0.9781829521220837,0.9759958360439983,0.9770147796673724,0.9820015820016824,0.976698224064023,0.9843832677409756,0.9844806133976345,0.9865311643419672,0.9912394394437674,0.9913446310097446,0.9823658379966634,0.9714751691164955,0.9738987429096232,0.9689810811262366,0.9675461362806488
30,0.9950067501615742,0.9805330617714749,0.9914839719365087,0.9931319083614306,0.9724335939180851,0.9928754069446714,0.9920234964632303,0.9891348453144015,0.9973915824675732,0.9920397536488248,0.9937052982383722,0.9813630390200113,0.9835915138583893,0.9814478289939655,0.9807373610131606,0.9941593408668219,0.978272344782675,0.9734547744152695,0.9826258415059438,0.978535762919832,0.9930532577388373,0.9928259052598685,0.9967346980977445,0.9979905132429076,0.9940877937951682,0.9901447801261092,0.9878420283407345,0.9854891486493523,0.9851623252811832,0.9858007775148779,1.0,0.9966341418613336,0.9974871897187075,0.9952278441085428,0.9951368197618388,0.9968810590103292,0.9953808933477238,0.9958722828650267,0.9963466568285964,0.993746244532324,0.9982839328789336,0.9983459075883032,0.9978767459384017,0.9933916865973274,0.997221085261933,0.9893457649287106,0.9823166068814806,0.9797167995823501,0.9819095366211179,0.9776006580382374
31,0.9887012172091161,0.9831491389458775,0.9881406840029199,0.989813628919553,0.9688249068356283,0.9853053364624131,0.9848553576400523,0.9842782323902288,0.9911879225977651,0.9851907932132623,0.9887528338534581,0.9711246485717738,0.97393930488562,0.9725987245212608,0.9718404143361364,0.9840808205946989,0.9677637224272233,0.9662494383526871,0.9730954786409534,0.9701054652345517,0.9877211199301804,0.9884891601244252,0.991812308120326,0.9928781623742468,0.9878779066318271,0.9856202666599605,0.979641117318319,0.9805094708062682,0.9753120516420501,0.9796531689039327,0.9966341418613336,1.0,0.9985376018438527,0.9984138938110725,0.998599517854931,0.9917175354279631,0.9878232394788758,0.9903760132680541,0.9883800749674775,0.9853024263953593,0.9942235040504624,0.99351898130641,0.9919537016145865,0.9883729712324322,0.9929388612977862,0.9775162092929259,0.9743899497936485,0.9692297311435331,0.9707986727354554,0.9657216233970358
32,0.9875936672527934,0.9778994584123668,0.985167386565918,0.9869338522642703,0.9639218804530034,0.984847453863574,0.9838145243196099,0.9821307957291681,0.9920486523043938,0.9840466935016143,0.988187663344479,0.9754955135139531,0.9774391285208659,0.9769334829291079,0.975820922315531,0.9883248577387524,0.9739847198802157,0.971478657972461,0.9788526278787403,0.9756943162518633,0.9892264841096239,0.9883644442252381,0.9919095540909462,0.99452814753092,0.9877201451265192,0.9885869632447977,0.9832097430083295,0.983567032380373,0.9810222447847292,0.983155415836816,0.9974871897187075,0.9985376018438527,0.9999999999999999,0.9983456807321641,0.9986598310267061,0.9917479919617231,0.9914010080343572,0.9922865380887277,0.9918089596103877,0.9888254243691651,0.9935581515939531,0.9940523578398346,0.9921295710693936,0.9881296751139083,0.9934693655586605,0.9807332988088037,0.9750685117864554,0.9711915272801386,0.9737513803294237,0.9682381941885497
33,0.9836646363695349,0.9781050657351404,0.9827557063429043,0.9842419499585284,0.9613808387577508,0.9808966437201619,0.9815265509220583,0.9794741425874312,0.9883426751587923,0.9803924574010654,0.9845559217900353,0.9674580044922079,0.9699134264727487,0.9682464503450926,0.967594657841321,0.982563059163627,0.9732387787185252,0.9734379360932854,0.9781052914023264,0.9763174996620192,0.9896667415267948,0.9842744141669804,0.9883046506568998,0.9925284171875044,0.9834587175712042,0.9840257190372391,0.9747583464956354,0.9765716152557256,0.972256677138871,0.9753661016655563,0.9952278441085428,0.9984138938110725,0.9983456807321641,1.0,0.9990557353554921,0.9905926890177724,0.9896213433049409,0.9913361373807175,0.9872512621712287,0.9858424504147,0.9905095281950916,0.9903713650820295,0.9880280782439307,0.9820300112641275,0.9892019287730665,0.9731875263429711,0.9687790243226782,0.9628834196030499,0.9661617880701909,0.9598495699361146
34,0.983771267544211,0.9751964711469087,0.9814564473291608,0.9833910174841806,0.9581282721398052,0.9793153140481954,0.9794369862288167,0.9766325939743985,0.9876138230000855,0.9786493773656981,0.9831837794570865,0.9656597938220415,0.9684382449880716,0.9681858507975925,0.9671144611099275,0.9829104355114667,0.9710880164957316,0.9716348786149537,0.9765844750148034,0.9746028342497297,0.9875329980755707,0.9836393934891554,0.9887608038213274,0.991386606589207,0.9827518533019393,0.9857498098792205,0.9760428446844035,0.9787631488410425,0.9738222818947749,0.9765806021493237,0.9951368197618388,0.998599517854931,0.9986598310267061,0.9990557353554921,1.0,0.9896960332659318,0.9884520398183928,0.9904426487546786,0.9874512291270582,0.9848017628460529,0.990397489736874,0.9916715641604559,0.9884184860365381,0.9840264096790513,0.990359565044934,0.9753576579918358,0.9731900739739214,0.9676163678826328,0.9700538822146065,0.9640087056850082
35,0.9938212334261073,0.9783434985653174,0.99135502766275,0.9926906211798054,0.9739940889221516,0.9920921301929256,0.9923664298904475,0.9883949627458064,0.9950357030696436,0.9917380049882526,0.9912541469693341,0.9737900218800278,0.9763823123472368,0.9712069081825714,0.970705199741803,0.989068441083797,0.9728426653290426,0.9673732550181751,0.976962538027172,0.972822411683625,0.9934348958893746,0.9904028666582114,0.9948905206065761,0.9975169447562854,0.9939937524782329,0.9819553495564013,0.9818744505511049,0.9767586973900599,0.9764725700119751,0.9781829521220837,0.9968810590103292,0.9917175354279631,0.9917479919617231,0.9905926890177724,0.9896960332659318,1.0,0.9961777658533928,0.9983148179902327,0.9961619481525761,0.996684313568849,0.9969498953815318,0.9952008814354322,0.9945539047370878,0.9889125232186181,0.9913593120176785,0.9867475439137794,0.9794734933705008,0.9759271746301643,0.97892500301366,0.9747622078090434
36,0.9879647176947479,0.9662395498525194,0.9818378259139113,0.9837059288893952,0.9599013944830279,0.9870762886892569,0.9867568760136644,0.981674322663273,0.9933236127831596,0.9861536260026594,0.9855292663430733,0.9780621361577405,0.9801257545984698,0.9757497355652591,0.9754224167364582,0.993350413467244,0.9838039809577759,0.9786697743183521,0.9874223415946084,0.9834820022665016,0.993635534655607,0.9861039447429718,0.9918114529509905,0.997363921522923,0.9887415673521769,0.9812726561263079,0.9793275512090386,0.9742979285667521,0.9784916726868657,0.9759958360439983,0.9953808933477238,0.9878232394788758,0.9914010080343572,0.9896213433049409,0.9884520398183928,0.9961777658533928,1.0,0.998609278164136,0.9973081121123686,0.9984437480028074,0.9922726965255775,0.9926585705429772,0.9917340993015936,0.9830623479842582,0.9883058051117979,0.9870086710319838,0.9766082904067087,0.9734382229813446,0.9796301425562114,0.9740990916426876
37,0.9889248646007353,0.9725841534763874,0.9859134197888277,0.9873432509794015,0.9659320247843765,0.9880258176826617,0.9886021902426742,0.9838663690249683,0.9930089249098902,0.9870940441239175,0.9877133935241607,0.9729124814176499,0.9752664696431669,0.9704635733349163,0.9695942619691011,0.9891759806398581,0.9793716712066822,0.974688907302333,0.9828985410398327,0.9794356173503592,0.9952259179665064,0.9881203939976398,0.9928376959941753,0.9980117038712056,0.9908321867650072,0.9820178825579116,0.9796819985519535,0.9757349398397049,0.9767016489358451,0.9770147796673724,0.9958722828650267,0.9903760132680541,0.9922865380887277,0.9913361373807175,0.9904426487546786,0.9983148179902327,0.998609278164136,1.0,0.9962635048306944,0.9982127270629839,0.9936001492175534,0.9925875721809521,0.9915360838539864,0.9843451504472956,0.9889597062323192,0.9841861367837097,0.9752247539600774,0.9712008283900239,0.9758270746457717,0.9704200185024495
38,0.9926032258743838,0.9677241144011005,0.9851213171772042,0.9872009668906054,0.9642302972216201,0.9904939589662556,0.9880272540424818,0.9838266916514103,0.9945834108126321,0.9902036134190753,0.9883500281951323,0.9834072397985423,0.9850574777646925,0.9821017534077779,0.98121095825334,0.9958584576482362,0.9742917947900205,0.9666475925893552,0.9789595648882818,0.9731966795310545,0.987885715348033,0.9898629282547576,0.9943717577817848,0.9968283698670579,0.9925607160844037,0.9828804536025665,0.9864472017313514,0.9792367337291438,0.9835599789847224,0.9820015820016824,0.9963466568285964,0.9883800749674775,0.9918089596103877,0.9872512621712287,0.9874512291270582,0.9961619481525761,0.9973081121123686,0.9962635048306944,1.0,0.9982181270870617,0.9953392434761328,0.9962602528135704,0.9947168573552485,0.9901245152233745,0.9914378036521135,0.9937779743549029,0.9852762684473386,0.9836865481456869,0.9878309867037873,0.9840195466170322
39,0.9884539227511646,0.9659318850120703,0.9828308406639003,0.9845216666411798,0.9630858754962723,0.9879792739845319,0.986823839895468,0.9821063133476483,0.9919807105581185,0.9876653188460699,0.9858707603742626,0.9776541232748233,0.979466752095607,0.974428492878986,0.9735136051948833,0.9913142594024102,0.9756220626467333,0.9682680860139711,0.9794354167050866,0.9745356734005606,0.9905929744337375,0.9875257883485368,0.9918797937435029,0.9969211698018423,0.9907392227078172,0.9778823399690866,0.9808460533849641,0.9730544111847935,0.9772624363359237,0.976698224064023,0.993746244532324,0.9853024263953593,0.9888254243691651,0.9858424504147,0.9848017628460529,0.996684313568849,0.9984437480028074,0.9982127270629839,0.9982181270870617,1.0,0.9923241653189848,0.9914986248933894,0.9903943171991625,0.9834454395302062,0.9860847406934037,0.9877943320989996,0.977646627851799,0.9744122483667004,0.9800507948976875,0.9752861568831939
40,0.9984402553939163,0.9839520303463218,0.9957483819801848,0.99719207414217,0.9807469171067322,0.9965481007545846,0.9946292405227997,0.9934497532514616,0.997851556640729,0.9961809681800382,0.9960062488903721,0.9836191772088596,0.9859932617771577,0.9828880843619983,0.9823879038147048,0.9926596793467104,0.9698364311405692,0.9625760297700712,0.974820982068859,0.9693435631848943,0.989403006440512,0.9949445298043008,0.9972973297131,0.9967963210546062,0.997203705104683,0.9853652681503221,0.9877625493204973,0.9824993057123484,0.9822116304701277,0.9843832677409756,0.9982839328789336,0.9942235040504624,0.9935581515939531,0.9905095281950916,0.990397489736874,0.9969498953815318,0.9922726965255775,0.9936001492175534,0.9953392434761328,0.9923241653189848,0.9999999999999999,0.9980801706227668,0.9984144736890979,0.995100417917467,0.9961283767837039,0.9904723352553911,0.9839822160226196,0.9815514316234648,0.9828393736864126,0.9798319332614333
41,0.9968131205007587,0.9755500728119044,0.9899709305970129,0.9921441075769446,0.9694860325661679,0.9924618113270959,0.9905049967366044,0.9865781896964796,0.9960953258934178,0.9920560211699414,0.9914669585826847,0.9813895002410465,0.9838280000734101,0.9826052877586827,0.9820463603922278,0.9953861097860066,0.9727641438183539,0.9671502448715062,0.9780335353831544,0.9728936570955087,0.9874441487769475,0.991588247869573,0.9968873400240961,0.9950997135566797,0.9934800072583404,0.9884805350974403,0.9880666343162156,0.9844795534150783,0.9850972699427826,0.9844806133976345,0.9983459075883032,0.99351898130641,0.9940523578398346,0.9903713650820295,0.9916715641604559,0.9952008814354322,0.9926585705429772,0.9925875721809521,0.9962602528135704,0.9914986248933894,0.9980801706227668,1.0,0.9984294609485431,0.9957094071537884,0.997013313424695,0.994355647175725,0.9899905036489088,0.9886449588212409,0.9898983020900526,0.9869576686644458
42,0.9978761543663874,0.9806910593662482,0.9932006122510192,0.9950731996480263,0.9762000385745337,0.9957243573124007,0.9940029858898491,0.9916818294225718,0.9982844818050071,0.9947429048770002,0.9951028365896546,0.9852780681746176,0.9876598732100605,0.9856274025718734,0.9853392888934004,0.9956314630645662,0.9753205536329371,0.9682017893513732,0.9795875347688654,0.9741445647165866,0.9890505855319495,0.9927943693556973,0.9966562180785036,0.9948522152063423,0.9949462704208736,0.9892713541171878,0.9900843372042871,0.9860889449505804,0.9871536751609663,0.9865311643419672,0.9978767459384017,0.9919537016145865,0.9921295710693936,0.9880280782439307,0.9884184860365381,0.9945539047370878,0.9917340993015936,0.9915360838539864,0.9947168573552485,0.9903943171991625,0.9984144736890979,0.9984294609485431,0.9999999999999998,0.9967536939684135,0.9982854109969036,0.9932144845709087,0.985600037543023,0.9848132122678007,0.9856489695725575,0.9829542713584756
43,0.9963399141861549,0.9805564195168915,0.9918270510867697,0.993461915408485,0.976566948400579,0.9932018667399098,0.9905613450455202,0.9885257766464962,0.99334112439004,0.9923290490189719,0.993915982109319,0.9816479514293959,0.9830743015486729,0.9831644231927116,0.9817152286715086,0.9905655982182747,0.963070185777647,0.9544907057058899,0.9678262979039013,0.9612747698901652,0.980875940760647,0.993011806535331,0.9943287251600524,0.989006560536311,0.9936658923644318,0.9901435821188105,0.9943751528924283,0.9907404982138798,0.9894055805265546,0.9912394394437674,0.9933916865973274,0.9883729712324322,0.9881296751139083,0.9820300112641275,0.9840264096790513,0.9889125232186181,0.9830623479842582,0.9843451504472956,0.9901245152233745,0.9834454395302062,0.995100417917467,0.9957094071537884,0.9967536939684135,1.0,0.9970752885301115,0.9925688991091779,0.9871691938010592,0.988148542827977,0.9847553219970373,0.9840121288990955
44,0.99505663415011,0.9817917773586773,0.9918937134532619,0.9934224213637461,0.9745340245843004,0.9929603519936883,0.9921908234591547,0.9890897818210509,0.9963932147433959,0.9909532090574686,0.9948464937184265,0.9815061171569188,0.9835405310837987,0.9832619605417563,0.9821386817367335,0.9930472600722025,0.9763775683230393,0.97037370133399,0.9799445401710332,0.9754464208904489,0.9890677229682169,0.9920142101206644,0.9951593396501603,0.9929283573414416,0.9927541567989802,0.9950662642655709,0.9929013854013498,0.9926906453889164,0.9913438340192683,0.9913446310097446,0.997221085261933,0.9929388612977862,0.9934693655586605,0.9892019287730665,0.990359565044934,0.9913593120176785,0.9883058051117979,0.9889597062323192,0.9914378036521135,0.9860847406934037,0.9961283767837039,0.997013313424695,0.9982854109969036,0.9970752885301115,1.0,0.990021597507121,0.9826306678303695,0.9825446182801253,0.9813394350883575,0.9783734004590143
45,0.9930057559200196,0.9580293917801677,0.9798722219133261,0.9826562696911447,0.9585906841405928,0.9885047516855411,0.9846166023238538,0.9781186387606258,0.98959570106282,0.9881614740834743,0.9839546514326958,0.9834086301963233,0.9849333096163425,0.9846340784760886,0.9837231228883863,0.996069638866847,0.9664218318844311,0.9566167736197418,0.971546533539049,0.9640656183964184,0.9758070445819169,0.9865001881509503,0.9919220039297809,0.9875026369939878,0.9886099349078503,0.981997319585771,0.988391496475561,0.9802829101181552,0.9863882501085972,0.9823658379966634,0.9893457649287106,0.9775162092929259,0.9807332988088037,0.9731875263429711,0.9753576579918358,0.9867475439137794,0.9870086710319838,0.9841861367837097,0.9937779743549029,0.9877943320989996,0.9904723352553911,0.994355647175725,0.9932144845709087,0.9925688991091779,0.990021597507121,1.0,0.9944693960727277,0.996068787908125,0.9968293031094267,0.9959944373736489
46,0.9873469107108752,0.9494084028501621,0.971152525041444,0.9748752391999663,0.9459064808008775,0.9781373682875841,0.9742661845970546,0.9657602871319064,0.9785638180858325,0.9790385319630105,0.9730250371493796,0.967945484338278,0.9706803612106718,0.9721659688909046,0.9711423575027459,0.9860234711594651,0.9486562253114931,0.9426314802544279,0.9560274264565413,0.9489973796396388,0.9629943230949177,0.9779004900000561,0.9866864854883391,0.9782896140080719,0.9790219964636612,0.9740333778559641,0.9778983647819528,0.9713664769756029,0.973555792125127,0.9714751691164955,0.9823166068814806,0.9743899497936485,0.9750685117864554,0.9687790243226782,0.9731900739739214,0.9794734933705008,0.9766082904067087,0.9752247539600774,0.9852762684473386,0.977646627851799,0.9839822160226196,0.9899905036489088,0.985600037543023,0.9871691938010592,0.9826306678303695,0.9944693960727277,0.9999999999999998,0.9978451027569307,0.9971196666742521,0.9973894440083615
47,0.9860795559184188,0.9453067106789028,0.9690786244664986,0.9726862937777403,0.9444442231189317,0.9769686886891313,0.9725345043149679,0.963659452417622,0.9778033717854786,0.9773181115611903,0.9718818117877313,0.9690221180049792,0.9709759113075539,0.9731935558516642,0.971932161791853,0.9864907332229144,0.9487702616731037,0.9405548438428982,0.9555346143310188,0.9477854138086639,0.9601776831659277,0.9764805570897612,0.984320390469014,0.9749016083401295,0.977926296034067,0.9749671738142466,0.9807257671211309,0.9736747865694652,0.977759705386199,0.9738987429096232,0.9797167995823501,0.9692297311435331,0.9711915272801386,0.9628834196030499,0.9676163678826328,0.9759271746301643,0.9734382229813446,0.9712008283900239,0.9836865481456869,0.9744122483667004,0.9815514316234648,0.9886449588212409,0.9848132122678007,0.988148542827977,0.9825446182801253,0.996068787908125,0.9978451027569307,0.9999999999999999,0.9979592330190888,0.998864755156634
48,0.985469766366452,0.9412408043192031,0.9671926439724301,0.9712486402698234,0.9403413565910929,0.9767383092190278,0.9720903508905676,0.9634031491908994,0.9799168734704888,0.9775329318857642,0.9701729001985773,0.9723638522724716,0.974842184604005,0.9757704698549893,0.975287819995675,0.9901707041631558,0.9543101019333994,0.9467356195486876,0.9612974455605261,0.9536840648796556,0.9630074786011248,0.975311527001469,0.9848779478515856,0.9784405809305614,0.9775635692547977,0.9712842307433047,0.9763743119585833,0.9679326580920881,0.9745300364197282,0.9689810811262366,0.9819095366211179,0.9707986727354554,0.9737513803294237,0.9661617880701909,0.9700538822146065,0.97892500301366,0.9796301425562114,0.9758270746457717,0.9878309867037873,0.9800507948976875,0.9828393736864126,0.9898983020900526,0.9856489695725575,0.9847553219970373,0.9813394350883575,0.9968293031094267,0.9971196666742521,0.9979592330190888,1.0,0.9992226145574055
49,0.9842801379272108,0.9391964993460541,0.9653433499275094,0.9692860282182302,0.9397656431938746,0.9752915898747229,0.9699069997513855,0.961405485732168,0.9762174740941157,0.9761718387983906,0.9681658121547772,0.9707839226464761,0.9729033248644633,0.9741557788330488,0.9736162924445312,0.9869817839360776,0.9473482615705404,0.938496265718863,0.9545153881442218,0.9460971444504537,0.9571181145325185,0.9734847021648518,0.9822396272746182,0.9738443572577753,0.9757172661741093,0.9682297465698745,0.9756787709081648,0.966125470772005,0.9729102274480735,0.9675461362806488,0.9776006580382374,0.9657216233970358,0.9682381941885497,0.9598495699361146,0.9640087056850082,0.9747622078090434,0.9740990916426876,0.9704200185024495,0.9840195466170322,0.9752861568831939,0.9798319332614333,0.9869576686644458,0.9829542713584756,0.9840121288990955,0.9783734004590143,0.9959944373736489,0.9973894440083615,0.998864755156634,0.9992226145574055,1.0
