{
  "0.005": [
    [
      [
        1.0,
        0.6243258714675903,
        0.6429810523986816,
        0.589573860168457,
        0.5727292895317078,
        -0.08230379223823547,
        0.5017414093017578,
        0.5165030360221863,
        0.3900352418422699,
        0.5132949352264404,
        0.26153528690338135,
        0.11502411961555481,
        0.16885089874267578,
        0.17070773243904114,
        0.1346360743045807,
        -0.09267444163560867,
        0.09949130564928055,
        0.09459192305803299,
        0.09915115684270859,
        0.08764605224132538,
        -0.015421413816511631,
        -0.029325762763619423,
        0.016637058928608894,
        -0.01867789402604103,
        -0.04542434960603714,
        0.12827417254447937,
        0.030515093356370926,
        0.03359527513384819,
        -0.0301168542355299,
        -0.04137173667550087,
        -0.03445422276854515,
        -0.03483790531754494,
        -0.05154867470264435,
        -0.027782965451478958,
        -0.034902963787317276,
        -0.08082645386457443,
        -0.11436981707811356,
        -0.11566039174795151,
        -0.13050980865955353,
        -0.08660894632339478,
        0.14244206249713898,
        0.10268459469079971,
        0.08680872619152069,
        0.06877677142620087,
        0.08275032788515091,
        -0.23206016421318054,
        -0.2321224957704544,
        -0.25559332966804504,
        -0.24124397337436676,
        -0.23781423270702362
      ],
      [
        0.6243258714675903,
        1.0,
        0.9837592244148254,
        0.9333465695381165,
        0.9843232035636902,
        0.043441880494356155,
        -0.06398817151784897,
        -0.03636165335774422,
        -0.09987226128578186,
        -0.05668601393699646,
        0.1056819036602974,
        -0.016552016139030457,
        0.006181000731885433,
        0.005756936967372894,
        -0.0205997284501791,
        -0.09060110151767731,
        0.048596400767564774,
        0.07090741395950317,
        0.06017819419503212,
        0.055852051824331284,
        -0.02164449915289879,
        -0.038786403834819794,
        0.026969389989972115,
        -0.02748127095401287,
        -0.029972022399306297,
        0.10804758220911026,
        -0.07784624397754669,
        -0.06791146844625473,
        -0.09256340563297272,
        -0.10543929040431976,
        0.04832161217927933,
        -0.016688186675310135,
        -0.04120296984910965,
        -0.024133862927556038,
        0.007712922058999538,
        0.04478108510375023,
        0.061898186802864075,
        0.08106283843517303,
        0.07890413701534271,
        0.11025503277778625,
        0.22955499589443207,
        0.07998661696910858,
        0.07455606758594513,
        0.06743679195642471,
        0.06545721739530563,
        -0.09454213082790375,
        -0.1437496393918991,
        -0.16543161869049072,
        -0.14250943064689636,
        -0.13872569799423218
      ],
      [
        0.6429810523986816,
        0.9837592244148254,
        1.0,
        0.9418207406997681,
        0.979925811290741,
        0.05988842248916626,
        -0.021150093525648117,
        0.01681417226791382,
        -0.05334113538265228,
        -0.007286065258085728,
        0.08925893902778625,
        -0.07609476894140244,
        -0.04598256200551987,
        -0.04820069670677185,
        -0.07466068863868713,
        -0.13869158923625946,
        0.013305899687111378,
        0.03388943895697594,
        0.02482588216662407,
        0.02324795536696911,
        -0.010459115728735924,
        -0.023207465186715126,
        0.040612462908029556,
        -0.010881287977099419,
        -0.018434830009937286,
        0.10279232263565063,
        -0.06920760869979858,
        -0.062898188829422,
        -0.07930558919906616,
        -0.09571117162704468,
        0.05200396105647087,
        -0.013661861419677734,
        -0.03495511785149574,
        -0.019118662923574448,
        0.010493176057934761,
        0.04765058308839798,
        0.051121894270181656,
        0.07726185768842697,
        0.07665112614631653,
        0.10179103910923004,
        0.2239149808883667,
        0.0792398527264595,
        0.06884995102882385,
        0.06575240194797516,
        0.0662524551153183,
        -0.07325969636440277,
        -0.12778881192207336,
        -0.15770301222801208,
        -0.13041570782661438,
        -0.12760195136070251
      ],
      [
        0.589573860168457,
        0.9333465695381165,
        0.9418207406997681,
        1.0,
        0.9188777208328247,
        0.09096917510032654,
        -0.08511806279420853,
        -0.012253208085894585,
        -0.11395018547773361,
        -0.07891882956027985,
        0.04993133991956711,
        -0.026455331593751907,
        0.011642280034720898,
        0.013793440535664558,
        -0.019070010632276535,
        -0.10804552584886551,
        0.02965454012155533,
        0.046050988137722015,
        0.043443500995635986,
        0.038324758410453796,
        -0.042068421840667725,
        -0.053872618824243546,
        -0.020204788073897362,
        -0.04793976992368698,
        -0.05268995091319084,
        0.013071859255433083,
        -0.14599129557609558,
        -0.1357334405183792,
        -0.16998013854026794,
        -0.1823635995388031,
        0.02050541527569294,
        -0.03170361369848251,
        -0.05400089919567108,
        -0.03779888153076172,
        -0.009435116313397884,
        0.11147388815879822,
        0.10355320572853088,
        0.12362664192914963,
        0.12343025952577591,
        0.14615361392498016,
        0.16207148134708405,
        -0.006284053437411785,
        -0.007045484147965908,
        -0.013879132457077503,
        -0.018561281263828278,
        -0.03308377414941788,
        -0.08906304836273193,
        -0.11031320691108704,
        -0.0788426473736763,
        -0.0801122859120369
      ],
      [
        0.5727292895317078,
        0.9843232035636902,
        0.979925811290741,
        0.9188777208328247,
        1.0,
        0.09778354316949844,
        -0.09653814882040024,
        -0.07064751535654068,
        -0.12565787136554718,
        -0.0906243771314621,
        0.12062018364667892,
        -0.05556720495223999,
        -0.038273900747299194,
        -0.03819878771901131,
        -0.06181595101952553,
        -0.07590249180793762,
        0.08655146509408951,
        0.1120883896946907,
        0.09828589856624603,
        0.09428206831216812,
        -0.0374942421913147,
        -0.06127539649605751,
        0.009120414033532143,
        -0.04850836470723152,
        -0.05445266142487526,
        0.084488146007061,
        -0.07112807035446167,
        -0.06550254672765732,
        -0.08010100573301315,
        -0.09714265167713165,
        0.08634547144174576,
        0.015315994620323181,
        -0.011799276806414127,
        0.0014993000077083707,
        0.03349798172712326,
        0.07816146314144135,
        0.07345398515462875,
        0.10271154344081879,
        0.10429511964321136,
        0.128001406788826,
        0.20710411667823792,
        0.060381460934877396,
        0.05296948179602623,
        0.046232737600803375,
        0.046545397490262985,
        -0.05454261600971222,
        -0.10609760135412216,
        -0.13507065176963806,
        -0.10720036178827286,
        -0.103495292365551
      ],
      [
        -0.08230379223823547,
        0.043441880494356155,
        0.05988842248916626,
        0.09096917510032654,
        0.09778354316949844,
        1.0,
        -0.12869353592395782,
        -0.16308236122131348,
        -0.13326944410800934,
        -0.15522371232509613,
        0.1636415421962738,
        0.1687125861644745,
        0.14638584852218628,
        0.13140040636062622,
        0.15081286430358887,
        0.6414694786071777,
        0.10173949599266052,
        0.09503975510597229,
        0.09582121670246124,
        0.11210247129201889,
        0.07963928580284119,
        0.0636005625128746,
        0.07454442977905273,
        0.07189320772886276,
        0.04599400609731674,
        -0.2199838012456894,
        -0.14276185631752014,
        -0.15337276458740234,
        -0.09547168761491776,
        -0.12293171882629395,
        0.1759793907403946,
        0.15448138117790222,
        0.15454378724098206,
        0.1505342721939087,
        0.15645787119865417,
        0.363496333360672,
        -0.06447271257638931,
        -0.015302956104278564,
        -0.01722600683569908,
        -0.04102301597595215,
        -0.0666716918349266,
        -0.14250895380973816,
        -0.14146193861961365,
        -0.16432404518127441,
        -0.14710725843906403,
        0.7588834166526794,
        0.8581148386001587,
        0.8567125797271729,
        0.8576551675796509,
        0.8909118175506592
      ],
      [
        0.5017414093017578,
        -0.06398817151784897,
        -0.021150093525648117,
        -0.08511806279420853,
        -0.09653814882040024,
        -0.12869353592395782,
        1.0,
        0.8724064230918884,
        0.9572790861129761,
        0.9848620891571045,
        0.2566646337509155,
        0.07060648500919342,
        0.11456935107707977,
        0.11068382859230042,
        0.09736890345811844,
        0.0019113238668069243,
        -0.05610976368188858,
        -0.07113195955753326,
        -0.060437507927417755,
        -0.05218856781721115,
        -0.03029707260429859,
        -0.023238418623805046,
        -0.0350029394030571,
        -0.021305175498127937,
        -0.045567065477371216,
        -0.016594907268881798,
        0.050922900438308716,
        0.0362221859395504,
        0.010730688460171223,
        -0.010460760444402695,
        0.02152976579964161,
        0.0573413148522377,
        0.0961059033870697,
        0.09821725636720657,
        0.03577757999300957,
        -0.11716163158416748,
        -0.19456826150417328,
        -0.20668715238571167,
        -0.19356057047843933,
        -0.19462168216705322,
        -0.03296331316232681,
        -0.003472705837339163,
        -0.0034784292802214622,
        -0.02980835735797882,
        -0.011621765792369843,
        -0.21782484650611877,
        -0.1795593798160553,
        -0.18271943926811218,
        -0.16989679634571075,
        -0.17276155948638916
      ],
      [
        0.5165030360221863,
        -0.03636165335774422,
        0.01681417226791382,
        -0.012253208085894585,
        -0.07064751535654068,
        -0.16308236122131348,
        0.8724064230918884,
        1.0,
        0.9046385288238525,
        0.8717562556266785,
        0.36998942494392395,
        0.06351288408041,
        0.10995709151029587,
        0.10728580504655838,
        0.09263492375612259,
        -0.06541940569877625,
        -0.0035580440890043974,
        -0.020822452381253242,
        -0.0015456749824807048,
        -0.0010922440560534596,
        0.023665403947234154,
        0.02252655103802681,
        0.029121197760105133,
        0.029020970687270164,
        -0.00030186696676537395,
        -0.045190244913101196,
        0.05471399053931236,
        0.03566461056470871,
        -0.0026903131511062384,
        -0.017589334398508072,
        -0.08718159794807434,
        -0.054679371416568756,
        -0.02329482138156891,
        -0.021214349195361137,
        -0.06863612681627274,
        -0.18131697177886963,
        -0.24484506249427795,
        -0.24869723618030548,
        -0.24971066415309906,
        -0.23399385809898376,
        -0.11966495215892792,
        -0.07775676995515823,
        -0.08284222334623337,
        -0.11007678508758545,
        -0.08664776384830475,
        -0.2885933220386505,
        -0.23489978909492493,
        -0.24525973200798035,
        -0.2254771888256073,
        -0.2329310178756714
      ],
      [
        0.3900352418422699,
        -0.09987226128578186,
        -0.05334113538265228,
        -0.11395018547773361,
        -0.12565787136554718,
        -0.13326944410800934,
        0.9572790861129761,
        0.9046385288238525,
        1.0,
        0.9502835869789124,
        0.2904392182826996,
        0.020876828581094742,
        0.05390491709113121,
        0.05108705535531044,
        0.041763946413993835,
        -0.008777706883847713,
        -0.060992445796728134,
        -0.07342781126499176,
        -0.06424460560083389,
        -0.05480528250336647,
        -0.021453959867358208,
        -0.019402313977479935,
        -0.02318003959953785,
        -0.014777490869164467,
        -0.040967948734760284,
        -0.06652331352233887,
        0.01801007241010666,
        0.002441189717501402,
        -0.018680082634091377,
        -0.03949269279837608,
        0.004432718735188246,
        0.03743598982691765,
        0.07302280515432358,
        0.07587718218564987,
        0.016102390363812447,
        -0.12293706834316254,
        -0.19411559402942657,
        -0.20285457372665405,
        -0.1902645230293274,
        -0.1895054131746292,
        -0.06163463741540909,
        -0.04971062391996384,
        -0.05081214755773544,
        -0.07586568593978882,
        -0.056462906301021576,
        -0.22242137789726257,
        -0.18028517067432404,
        -0.1865113228559494,
        -0.1685885339975357,
        -0.17614857852458954
      ],
      [
        0.5132949352264404,
        -0.05668601393699646,
        -0.007286065258085728,
        -0.07891882956027985,
        -0.0906243771314621,
        -0.15522371232509613,
        0.9848620891571045,
        0.8717562556266785,
        0.9502835869789124,
        1.0,
        0.24418902397155762,
        0.01412881724536419,
        0.05704411491751671,
        0.052327271550893784,
        0.03905205801129341,
        -0.050258051604032516,
        -0.04189407080411911,
        -0.05533554032444954,
        -0.04610589146614075,
        -0.03863584250211716,
        -0.012001598253846169,
        -0.004670254420489073,
        -0.012905805371701717,
        -0.005704501643776894,
        -0.03003952093422413,
        -0.019052788615226746,
        0.059868406504392624,
        0.043759945780038834,
        0.009568917565047741,
        -0.012552574276924133,
        -0.041639942675828934,
        -0.008820505812764168,
        0.02642367221415043,
        0.029377520084381104,
        -0.027003148570656776,
        -0.15339121222496033,
        -0.20874057710170746,
        -0.21192817389965057,
        -0.19691045582294464,
        -0.20086073875427246,
        -0.052851852029561996,
        -0.008210593834519386,
        -0.008746376261115074,
        -0.02778061479330063,
        -0.013142354786396027,
        -0.22405372560024261,
        -0.18410414457321167,
        -0.19210655987262726,
        -0.1749650537967682,
        -0.18425118923187256
      ],
      [
        0.26153528690338135,
        0.1056819036602974,
        0.08925893902778625,
        0.04993133991956711,
        0.12062018364667892,
        0.1636415421962738,
        0.2566646337509155,
        0.36998942494392395,
        0.2904392182826996,
        0.24418902397155762,
        1.0,
        0.37363192439079285,
        0.3485216498374939,
        0.34968042373657227,
        0.3549945652484894,
        0.42558708786964417,
        0.5807547569274902,
        0.6063635349273682,
        0.6130743026733398,
        0.6212987899780273,
        0.4356546700000763,
        0.3597783148288727,
        0.44873660802841187,
        0.38719576597213745,
        0.33634817600250244,
        -0.06824436783790588,
        0.06934863328933716,
        0.04689066857099533,
        0.03476608544588089,
        0.03791157901287079,
        0.1513637900352478,
        0.1915464997291565,
        0.18478350341320038,
        0.17693009972572327,
        0.15568873286247253,
        0.08845286071300507,
        -0.04077611118555069,
        -0.0929490178823471,
        -0.10625063627958298,
        -0.06477988511323929,
        -0.054158058017492294,
        -0.11675069481134415,
        -0.12560543417930603,
        -0.13201481103897095,
        -0.11941526085138321,
        -0.10283239930868149,
        -0.0325482152402401,
        -0.010882574133574963,
        -0.02060442976653576,
        0.013076907955110073
      ],
      [
        0.11502411961555481,
        -0.016552016139030457,
        -0.07609476894140244,
        -0.026455331593751907,
        -0.05556720495223999,
        0.1687125861644745,
        0.07060648500919342,
        0.06351288408041,
        0.020876828581094742,
        0.01412881724536419,
        0.37363192439079285,
        1.0,
        0.9864214062690735,
        0.987089991569519,
        0.9939721822738647,
        0.7150866985321045,
        0.2089378535747528,
        0.217135950922966,
        0.22206638753414154,
        0.221246600151062,
        0.003982684575021267,
        0.0008505742880515754,
        0.01134406216442585,
        0.009483028203248978,
        0.024631930515170097,
        0.011361082084476948,
        -0.047143954783678055,
        -0.04246958717703819,
        -0.04053231701254845,
        -0.017458220943808556,
        0.1163427010178566,
        0.14423656463623047,
        0.13649620115756989,
        0.1418948918581009,
        0.12258646637201309,
        0.28543972969055176,
        0.005067691206932068,
        0.007215369027107954,
        -0.015388945117592812,
        0.025421496480703354,
        0.013689352199435234,
        0.060821063816547394,
        0.07066529244184494,
        0.04041409492492676,
        0.04214855283498764,
        0.10091715306043625,
        0.07307277619838715,
        0.16153427958488464,
        0.13355989754199982,
        0.14158357679843903
      ],
      [
        0.16885089874267578,
        0.006181000731885433,
        -0.04598256200551987,
        0.011642280034720898,
        -0.038273900747299194,
        0.14638584852218628,
        0.11456935107707977,
        0.10995709151029587,
        0.05390491709113121,
        0.05704411491751671,
        0.3485216498374939,
        0.9864214062690735,
        1.0,
        0.997508704662323,
        0.9967382550239563,
        0.6679022312164307,
        0.18953120708465576,
        0.194056898355484,
        0.20190170407295227,
        0.20110554993152618,
        0.0013731473591178656,
        -0.0005708191310986876,
        0.006544942036271095,
        0.007997526787221432,
        0.021181559190154076,
        -0.0012358248932287097,
        -0.06354844570159912,
        -0.059842683374881744,
        -0.06244313344359398,
        -0.03972586989402771,
        0.09160982072353363,
        0.12131444364786148,
        0.11536575108766556,
        0.12223143875598907,
        0.10073840618133545,
        0.2640586793422699,
        -0.008294893428683281,
        -0.005636953748762608,
        -0.026673467829823494,
        0.012880182825028896,
        -0.0005604253383353353,
        0.05139017105102539,
        0.06022636964917183,
        0.0275537371635437,
        0.03182005137205124,
        0.09841153025627136,
        0.06746796518564224,
        0.152744323015213,
        0.12557846307754517,
        0.13177736103534698
      ],
      [
        0.17070773243904114,
        0.005756936967372894,
        -0.04820069670677185,
        0.013793440535664558,
        -0.03819878771901131,
        0.13140040636062622,
        0.11068382859230042,
        0.10728580504655838,
        0.05108705535531044,
        0.052327271550893784,
        0.34968042373657227,
        0.987089991569519,
        0.997508704662323,
        1.0,
        0.9974127411842346,
        0.659151554107666,
        0.1892240345478058,
        0.19549813866615295,
        0.20257043838500977,
        0.20074577629566193,
        -0.015504047274589539,
        -0.018699854612350464,
        -0.011526579968631268,
        -0.010207981802523136,
        0.003256080439314246,
        0.008769533596932888,
        -0.06125309690833092,
        -0.05704125761985779,
        -0.06525781750679016,
        -0.04208212345838547,
        0.10192935913801193,
        0.13105320930480957,
        0.12373460829257965,
        0.13091780245304108,
        0.10939929634332657,
        0.2701796591281891,
        0.0027830081526190042,
        0.0038692508824169636,
        -0.017211025580763817,
        0.024073543027043343,
        0.010374167002737522,
        0.06489986926317215,
        0.07434163242578506,
        0.04060475528240204,
        0.044495705515146255,
        0.09066051989793777,
        0.04725069925189018,
        0.13141511380672455,
        0.10466854274272919,
        0.11015069484710693
      ],
      [
        0.1346360743045807,
        -0.0205997284501791,
        -0.07466068863868713,
        -0.019070010632276535,
        -0.06181595101952553,
        0.15081286430358887,
        0.09736890345811844,
        0.09263492375612259,
        0.041763946413993835,
        0.03905205801129341,
        0.3549945652484894,
        0.9939721822738647,
        0.9967382550239563,
        0.9974127411842346,
        1.0,
        0.6814073324203491,
        0.18630075454711914,
        0.19258391857147217,
        0.1989077776670456,
        0.19800256192684174,
        -0.002695662435144186,
        -0.0034438108559697866,
        0.0035847313702106476,
        0.0048158299177885056,
        0.019447218626737595,
        0.011798671446740627,
        -0.05438445135951042,
        -0.04965239018201828,
        -0.05281417816877365,
        -0.029138093814253807,
        0.10321817547082901,
        0.13230769336223602,
        0.12737730145454407,
        0.13217347860336304,
        0.11050324887037277,
        0.26982197165489197,
        -0.006559239700436592,
        -0.0023623849265277386,
        -0.0239500030875206,
        0.01454925537109375,
        0.008237236179411411,
        0.06796447187662125,
        0.07743453979492188,
        0.0441986583173275,
        0.048605624586343765,
        0.10330983251333237,
        0.0660414844751358,
        0.1544627547264099,
        0.12667183578014374,
        0.13300743699073792
      ],
      [
        -0.09267444163560867,
        -0.09060110151767731,
        -0.13869158923625946,
        -0.10804552584886551,
        -0.07590249180793762,
        0.6414694786071777,
        0.0019113238668069243,
        -0.06541940569877625,
        -0.008777706883847713,
        -0.050258051604032516,
        0.42558708786964417,
        0.7150866985321045,
        0.6679022312164307,
        0.659151554107666,
        0.6814073324203491,
        1.0,
        0.35502225160598755,
        0.3557591140270233,
        0.3525434732437134,
        0.35934746265411377,
        0.08210203796625137,
        0.0565645731985569,
        0.0782112181186676,
        0.06549541652202606,
        0.06810048967599869,
        -0.13283348083496094,
        -0.10011889785528183,
        -0.10876090079545975,
        -0.05417637154459953,
        -0.05928593873977661,
        0.218112513422966,
        0.24011258780956268,
        0.22513557970523834,
        0.23255296051502228,
        0.21355220675468445,
        0.4307316541671753,
        0.017126549035310745,
        0.020796068012714386,
        0.021091502159833908,
        0.043500397354364395,
        -0.030382227152585983,
        -0.06507287174463272,
        -0.050964221358299255,
        -0.08129353076219559,
        -0.08115046471357346,
        0.4544595181941986,
        0.5142425298690796,
        0.5780895948410034,
        0.5601083636283875,
        0.5879095196723938
      ],
      [
        0.09949130564928055,
        0.048596400767564774,
        0.013305899687111378,
        0.02965454012155533,
        0.08655146509408951,
        0.10173949599266052,
        -0.05610976368188858,
        -0.0035580440890043974,
        -0.060992445796728134,
        -0.04189407080411911,
        0.5807547569274902,
        0.2089378535747528,
        0.18953120708465576,
        0.1892240345478058,
        0.18630075454711914,
        0.35502225160598755,
        1.0,
        0.9904302954673767,
        0.9928590655326843,
        0.9879547953605652,
        0.26817551255226135,
        0.11547994613647461,
        0.22117629647254944,
        0.14135105907917023,
        0.12047730386257172,
        -0.005273143760859966,
        0.09520624577999115,
        0.08705378323793411,
        0.05072697624564171,
        0.06288017332553864,
        0.01103909406810999,
        0.03873160853981972,
        0.0005189226358197629,
        0.013659480959177017,
        0.016446001827716827,
        0.10576927661895752,
        0.1415753811597824,
        0.05117831751704216,
        0.05984237790107727,
        0.08114166557788849,
        -0.028595495969057083,
        -0.041345275938510895,
        -0.04075626656413078,
        -0.06714833527803421,
        -0.047310758382081985,
        -0.003366664983332157,
        0.1113458201289177,
        0.09624429047107697,
        0.0835665613412857,
        0.09200931340456009
      ],
      [
        0.09459192305803299,
        0.07090741395950317,
        0.03388943895697594,
        0.046050988137722015,
        0.1120883896946907,
        0.09503975510597229,
        -0.07113195955753326,
        -0.020822452381253242,
        -0.07342781126499176,
        -0.05533554032444954,
        0.6063635349273682,
        0.217135950922966,
        0.194056898355484,
        0.19549813866615295,
        0.19258391857147217,
        0.3557591140270233,
        0.9904302954673767,
        1.0,
        0.9964331984519958,
        0.9917201995849609,
        0.27074363827705383,
        0.12312110513448715,
        0.23276321589946747,
        0.14642073214054108,
        0.1263546645641327,
        -0.009241541847586632,
        0.10917998105287552,
        0.1035754531621933,
        0.06385938078165054,
        0.07837501913309097,
        0.03341246023774147,
        0.06296343356370926,
        0.025440886616706848,
        0.03890018165111542,
        0.042728111147880554,
        0.10964301228523254,
        0.13916730880737305,
        0.05242361128330231,
        0.06156197562813759,
        0.08523794263601303,
        -0.027867840602993965,
        -0.052957672625780106,
        -0.05288928374648094,
        -0.07765117287635803,
        -0.05873218923807144,
        -0.0227363184094429,
        0.08614043891429901,
        0.07540430873632431,
        0.06079781800508499,
        0.07022171467542648
      ],
      [
        0.09915115684270859,
        0.06017819419503212,
        0.02482588216662407,
        0.043443500995635986,
        0.09828589856624603,
        0.09582121670246124,
        -0.060437507927417755,
        -0.0015456749824807048,
        -0.06424460560083389,
        -0.04610589146614075,
        0.6130743026733398,
        0.22206638753414154,
        0.20190170407295227,
        0.20257043838500977,
        0.1989077776670456,
        0.3525434732437134,
        0.9928590655326843,
        0.9964331984519958,
        1.0,
        0.9969415664672852,
        0.2922627627849579,
        0.1421384960412979,
        0.24943846464157104,
        0.16751448810100555,
        0.14529253542423248,
        -0.009462880901992321,
        0.10569668561220169,
        0.09878300875425339,
        0.05813031643629074,
        0.07283490151166916,
        0.020762518048286438,
        0.053270548582077026,
        0.01760798692703247,
        0.030768468976020813,
        0.03476220741868019,
        0.10049258917570114,
        0.13600948452949524,
        0.04652301222085953,
        0.054470840841531754,
        0.07838722318410873,
        -0.03307519480586052,
        -0.05535551533102989,
        -0.0554066002368927,
        -0.07836688309907913,
        -0.059570807963609695,
        -0.02505204826593399,
        0.08905399590730667,
        0.07600601017475128,
        0.062449462711811066,
        0.07194861024618149
      ],
      [
        0.08764605224132538,
        0.055852051824331284,
        0.02324795536696911,
        0.038324758410453796,
        0.09428206831216812,
        0.11210247129201889,
        -0.05218856781721115,
        -0.0010922440560534596,
        -0.05480528250336647,
        -0.03863584250211716,
        0.6212987899780273,
        0.221246600151062,
        0.20110554993152618,
        0.20074577629566193,
        0.19800256192684174,
        0.35934746265411377,
        0.9879547953605652,
        0.9917201995849609,
        0.9969415664672852,
        1.0,
        0.3157450556755066,
        0.15974491834640503,
        0.2718741297721863,
        0.18772730231285095,
        0.16488364338874817,
        -0.011514276266098022,
        0.11270900815725327,
        0.10413450002670288,
        0.06413597613573074,
        0.07898057997226715,
        0.012955217622220516,
        0.04520484805107117,
        0.01480052899569273,
        0.02534593641757965,
        0.027937132865190506,
        0.0975664034485817,
        0.14062096178531647,
        0.04767630994319916,
        0.05566001310944557,
        0.07863819599151611,
        -0.03988201543688774,
        -0.06151679903268814,
        -0.06251063197851181,
        -0.08413199335336685,
        -0.06498225778341293,
        -0.015057447366416454,
        0.105031318962574,
        0.09023923426866531,
        0.07643260806798935,
        0.08641567081212997
      ],
      [
        -0.015421413816511631,
        -0.02164449915289879,
        -0.010459115728735924,
        -0.042068421840667725,
        -0.0374942421913147,
        0.07963928580284119,
        -0.03029707260429859,
        0.023665403947234154,
        -0.021453959867358208,
        -0.012001598253846169,
        0.4356546700000763,
        0.003982684575021267,
        0.0013731473591178656,
        -0.015504047274589539,
        -0.002695662435144186,
        0.08210203796625137,
        0.26817551255226135,
        0.27074363827705383,
        0.2922627627849579,
        0.3157450556755066,
        1.0,
        0.9724187254905701,
        0.9754824638366699,
        0.9762768149375916,
        0.9697859883308411,
        -0.0018854214577004313,
        0.06373035162687302,
        0.05245702341198921,
        -0.021233325824141502,
        -0.004407932516187429,
        -0.023185614496469498,
        0.002485694130882621,
        0.04547238349914551,
        0.027263833209872246,
        0.0018237065523862839,
        -0.1550576537847519,
        0.013635414652526379,
        -0.10129304230213165,
        -0.08578485250473022,
        -0.07907147705554962,
        0.026114998385310173,
        -0.07862398773431778,
        -0.07486157864332199,
        -0.04850451275706291,
        -0.06132427230477333,
        -0.02587648667395115,
        0.09068354964256287,
        0.10699090361595154,
        0.08262742310762405,
        0.11448204517364502
      ],
      [
        -0.029325762763619423,
        -0.038786403834819794,
        -0.023207465186715126,
        -0.053872618824243546,
        -0.06127539649605751,
        0.0636005625128746,
        -0.023238418623805046,
        0.02252655103802681,
        -0.019402313977479935,
        -0.004670254420489073,
        0.3597783148288727,
        0.0008505742880515754,
        -0.0005708191310986876,
        -0.018699854612350464,
        -0.0034438108559697866,
        0.0565645731985569,
        0.11547994613647461,
        0.12312110513448715,
        0.1421384960412979,
        0.15974491834640503,
        0.9724187254905701,
        1.0,
        0.9653521776199341,
        0.9890462756156921,
        0.9908021092414856,
        0.005818251054733992,
        0.031328290700912476,
        0.02447439730167389,
        -0.04653455689549446,
        -0.02714361809194088,
        0.015876755118370056,
        0.046522270888090134,
        0.09409260749816895,
        0.07669423520565033,
        0.0469028577208519,
        -0.15727660059928894,
        -0.034568917006254196,
        -0.1304064691066742,
        -0.11717114597558975,
        -0.11205878108739853,
        0.058806825429201126,
        -0.05673305317759514,
        -0.05503036826848984,
        -0.02303176186978817,
        -0.03902953863143921,
        -0.04382346570491791,
        0.061702072620391846,
        0.08992559462785721,
        0.06182437762618065,
        0.09845265001058578
      ],
      [
        0.016637058928608894,
        0.026969389989972115,
        0.040612462908029556,
        -0.020204788073897362,
        0.009120414033532143,
        0.07454442977905273,
        -0.0350029394030571,
        0.029121197760105133,
        -0.02318003959953785,
        -0.012905805371701717,
        0.44873660802841187,
        0.01134406216442585,
        0.006544942036271095,
        -0.011526579968631268,
        0.0035847313702106476,
        0.0782112181186676,
        0.22117629647254944,
        0.23276321589946747,
        0.24943846464157104,
        0.2718741297721863,
        0.9754824638366699,
        0.9653521776199341,
        1.0,
        0.9763721227645874,
        0.9597941637039185,
        0.04454215615987778,
        0.10353709012269974,
        0.09020528942346573,
        0.021122481673955917,
        0.0386187769472599,
        -0.019202884286642075,
        0.002453504130244255,
        0.049230217933654785,
        0.03036850318312645,
        0.005281924270093441,
        -0.18574851751327515,
        -0.07605649530887604,
        -0.1668684184551239,
        -0.1558016538619995,
        -0.1488053947687149,
        0.06268681585788727,
        -0.033662132918834686,
        -0.03738116845488548,
        -0.016382204368710518,
        -0.018632855266332626,
        -0.04928824305534363,
        0.06338325142860413,
        0.08248955011367798,
        0.057672206312417984,
        0.0910014733672142
      ],
      [
        -0.01867789402604103,
        -0.02748127095401287,
        -0.010881287977099419,
        -0.04793976992368698,
        -0.04850836470723152,
        0.07189320772886276,
        -0.021305175498127937,
        0.029020970687270164,
        -0.014777490869164467,
        -0.005704501643776894,
        0.38719576597213745,
        0.009483028203248978,
        0.007997526787221432,
        -0.010207981802523136,
        0.0048158299177885056,
        0.06549541652202606,
        0.14135105907917023,
        0.14642073214054108,
        0.16751448810100555,
        0.18772730231285095,
        0.9762768149375916,
        0.9890462756156921,
        0.9763721227645874,
        1.0,
        0.9821777939796448,
        0.02521418035030365,
        0.06198785454034805,
        0.05328500270843506,
        -0.016803711652755737,
        0.004362144973129034,
        0.020888814702630043,
        0.047368064522743225,
        0.09613776952028275,
        0.0776357427239418,
        0.04906177893280983,
        -0.16573894023895264,
        -0.03784754499793053,
        -0.12926962971687317,
        -0.11768435686826706,
        -0.11493182927370071,
        0.07103351503610611,
        -0.04449483007192612,
        -0.04238050431013107,
        -0.01394056249409914,
        -0.027019094675779343,
        -0.05666886270046234,
        0.05488954484462738,
        0.07691435515880585,
        0.05044122040271759,
        0.0893491730093956
      ],
      [
        -0.04542434960603714,
        -0.029972022399306297,
        -0.018434830009937286,
        -0.05268995091319084,
        -0.05445266142487526,
        0.04599400609731674,
        -0.045567065477371216,
        -0.00030186696676537395,
        -0.040967948734760284,
        -0.03003952093422413,
        0.33634817600250244,
        0.024631930515170097,
        0.021181559190154076,
        0.003256080439314246,
        0.019447218626737595,
        0.06810048967599869,
        0.12047730386257172,
        0.1263546645641327,
        0.14529253542423248,
        0.16488364338874817,
        0.9697859883308411,
        0.9908021092414856,
        0.9597941637039185,
        0.9821777939796448,
        1.0,
        0.02110639028251171,
        0.02435431070625782,
        0.016755802556872368,
        -0.04969128966331482,
        -0.03080640360713005,
        -0.0004381569451652467,
        0.024576853960752487,
        0.06771156191825867,
        0.05086356773972511,
        0.023579029366374016,
        -0.16391420364379883,
        -0.02734176255762577,
        -0.12787148356437683,
        -0.11330632120370865,
        -0.11298715323209763,
        0.07540978491306305,
        -0.025112487375736237,
        -0.020343512296676636,
        0.01383926346898079,
        -0.0063225990161299706,
        -0.0412151962518692,
        0.05900021642446518,
        0.08798669278621674,
        0.06010700389742851,
        0.09397958219051361
      ],
      [
        0.12827417254447937,
        0.10804758220911026,
        0.10279232263565063,
        0.013071859255433083,
        0.084488146007061,
        -0.2199838012456894,
        -0.016594907268881798,
        -0.045190244913101196,
        -0.06652331352233887,
        -0.019052788615226746,
        -0.06824436783790588,
        0.011361082084476948,
        -0.0012358248932287097,
        0.008769533596932888,
        0.011798671446740627,
        -0.13283348083496094,
        -0.005273143760859966,
        -0.009241541847586632,
        -0.009462880901992321,
        -0.011514276266098022,
        -0.0018854214577004313,
        0.005818251054733992,
        0.04454215615987778,
        0.02521418035030365,
        0.02110639028251171,
        1.0,
        0.35638192296028137,
        0.3806796669960022,
        0.2950836420059204,
        0.32852625846862793,
        0.09006907790899277,
        0.03245973214507103,
        0.055030349642038345,
        0.039892297238111496,
        0.05441495403647423,
        0.01564224623143673,
        0.3694457411766052,
        0.33910322189331055,
        0.3496764600276947,
        0.32609739899635315,
        0.7358446717262268,
        0.8580570220947266,
        0.8231983780860901,
        0.7977007031440735,
        0.8400641679763794,
        0.0006357806851156056,
        -0.23419669270515442,
        -0.22255678474903107,
        -0.22136345505714417,
        -0.2213938981294632
      ],
      [
        0.030515093356370926,
        -0.07784624397754669,
        -0.06920760869979858,
        -0.14599129557609558,
        -0.07112807035446167,
        -0.14276185631752014,
        0.050922900438308716,
        0.05471399053931236,
        0.01801007241010666,
        0.059868406504392624,
